NC_057004.1
1 1616
1890 3218
3305 255926
263304 332019
332120 388909
437264 588037
588138 589912
590474 591323
591790 605164
605265 607934
608035 608850
609925 610769
611293 628693
644690 659289
659390 664199
665247 666263
666629 669640
670380 671571
671772 672876
673662 894561
895020 993887
994041 1050620
1050742 1079489
1079590 1145857
1288470 1340620
1340721 1411347
1411440 1504099
1504200 1545808
1545909 1547902
1548254 1572064
1572165 1880683
1880784 1903146
1936796 1966686
1967420 1982967
1983068 1990856
2000058 2026532
2026633 2028002
2029478 2030472
2030599 2069444
2069545 2125521
2125622 2459943
2460044 2663423
2663530 2702549
2702677 2703342
2703508 2722043
2722144 2732153
2745657 2799985
2800086 2918146
2918247 3161912
3162013 3232498
3232581 3325405
3325517 3325855
3325955 3490581
3490685 3602332
3602433 3603663
3603744 3705876
3705977 3992712
3992790 3995931
3996032 4001394
4002671 4004627
4004728 4171523
4171624 4386841
4386939 4426557
4426658 4849533
4849634 4851569
4853571 4857825
4857926 4909583
4909684 4990351
4990452 5066804
5066905 5131714
5131811 5227929
5228030 5332764
5332865 5410436
5410522 5473093
5473203 5642034
5642173 5860284
5860385 5865046
5865147 5996185
5998841 6411864
6411970 6418307
6418373 6462249
6462350 6472784
6472885 6476553
6476675 6494441
6495135 6508821
6523659 6542699
6546248 6884758
6912912 6914790
6916156 7059395
7059582 7146564
7184297 7186606
7188670 7286265
7286366 7287994
7291888 7521595
7521696 7592782
7592883 7595249
7595382 7637395
7637496 7644195
7644282 7645021
7645122 7668745
7668846 7686055
7686156 7716470
7716571 7741537
7741638 7742696
7764232 7791594
7794290 7888982
7889083 7941295
7941415 8033585
NC_057005.1
1 373
450 3009
3969 321680
321781 630808
630878 633256
633357 817217
817318 820250
821065 932116
932188 1105884
1105985 1271173
1327923 1364150
1364233 1416376
1416800 1427600
1427701 1640528
1640624 2028557
2028658 2113956
2114057 2115054
2116839 2118428
2120251 2120894
2122066 2122749
2124126 2138551
2139620 2140516
2143131 2145415
2146255 2187078
2187179 2259119
2259910 2264237
2266380 2399270
2399396 2585870
2585971 2600735
2611225 2612391
2615442 2624829
2627841 2629963
2631308 2646320
2646421 2891376
2901377 2949218
2949319 3048439
3048540 3127945
3128046 3129786
3129927 3178290
3178391 3301553
3301654 3324667
3324768 3407631
3411001 3430523
3430791 3480284
3480385 3585150
3585267 3623444
3623555 3666704
3676705 3678277
3679162 3688449
3688550 3846343
3846444 3939120
3939274 3940698
3944735 3951214
3952799 3954623
3954708 3955046
3955147 3974486
3974587 3976754
3980891 4035568
4042497 4195578
4195679 4506547
4516882 4546321
4546422 4624634
4624735 5344930
5345050 5372678
5372826 5697642
5697743 6036695
6036784 6050246
6050347 6162099
6162200 6192113
6192253 6527305
6527406 6869476
6869577 6972192
6982193 7455283
7455384 7461531
7461632 7544207
7544855 7691060
7691161 7746552
7746653 7769350
7769451 7796224
7796325 7807213
7808150 7812212
7812313 7818045
7818146 7868815
7868916 7988707
7998708 8001968
8007701 8008930
8011343 8017240
8017341 8058239
8058344 8058887
8061610 8064462
8065898 8068596
8150310 8152018
8160257 8177862
8177963 8213760
8213861 8251583
8252343 8324504
8343548 8367951
8377952 8497555
8497656 8499873
8500058 8569882
8569982 8619439
8619521 8619811
8619912 8769604
8769705 8804144
8804245 8888888
8888989 8954303
8954404 9001014
9001115 9052324
9052425 9068388
9068749 9086596
9096597 9170443
9170672 9187023
9187577 9188171
9188437 9196614
9196715 9223677
NC_057006.1
1 2881
2982 8130
8257 33397
33498 195863
195964 237740
237829 306686
306787 389873
389974 497239
497340 638125
638226 658499
659681 672913
673014 759031
759132 786545
786646 816035
816160 817394
817495 951505
951606 967201
967707 974208
974309 1050092
1052793 1058392
1058493 1285044
1285145 1338769
1366246 1455899
1456000 1541196
1541297 1574499
1574600 1889467
1889568 1966310
1966411 2674579
2684580 2771565
2771649 2990983
2991084 3097473
3097574 3109259
3109360 3118220
3118321 3161167
3161268 3262550
3262651 3304227
3304328 3448550
3448627 3525187
3525288 3533104
3535156 3588246
3588347 3615293
3620028 3751377
3751478 3839204
3839305 3899691
3899792 3928342
3929633 3967634
3967735 3970065
3970509 4184978
4185127 4562318
4571356 4602504
4602605 4931747
4931848 4948383
4948473 4954617
4955392 4958172
4959073 4962985
4963345 5331450
5331551 5692971
5693072 5708170
5708910 5712619
5712936 5719094
5721512 5792075
5792176 5952295
5952396 5957436
5958237 6018347
6018503 6269254
6269352 6272174
6272279 6397329
6397430 6744535
6744636 6782481
6808526 6846318
6846419 6849392
6851083 6856882
6858278 6864611
6864725 6881792
6881893 6899822
6899923 6913300
6916907 6934845
6949777 6954206
6954307 6957991
6967992 6976957
6979973 6981482
6981593 6985186
6985287 7012751
7021600 7033611
7037078 7039205
7096061 7099261
7100875 7106346
7108218 7110534
7113325 7116352
7116354 7117137
7117682 7119135
7119236 7473055
7473156 8238963
8239064 8245096
8245188 8355183
8355284 8357827
8357919 8363199
8363316 8363912
8377588 8381120
8391121 8391998
8398512 8410282
8410383 8416048
8416149 8445870
8445939 8488583
8489641 8494416
8494517 8548598
8548699 8628051
8628152 8628240
8628318 8635215
8642964 8644183
8677471 8678501
8678602 8699823
8699996 8701560
8701661 8885141
8885242 8888771
8888872 8967382
8967483 9113245
9113403 9123637
9124463 9126603
9126704 9219486
NC_057007.1
1 2018
2137 12706
12939 33449
33550 34072
34210 160605
160706 254955
255056 259426
259852 287843
297844 376503
376581 410296
410386 418617
418718 449100
449201 535760
571087 586391
588882 591849
591950 610864
610965 658491
660804 680938
681039 724613
727951 760134
760235 907054
907226 909555
909656 950392
950913 977047
987048 990813
1022847 1038852
1038953 1080202
1080303 1090977
1091078 1229614
1229715 1266064
1266144 1318674
1318761 1355219
1355585 1360036
1360137 1373189
1373314 1384458
1386612 1388811
1389603 1392523
1392624 1403464
1403565 1426610
1426711 1540938
1541800 1543820
1543921 1592600
1593181 1595801
1596423 1600904
1606490 1617147
1645763 1681014
1681115 1797261
1797362 1855357
1865358 1865979
1866070 1941341
1941442 1966747
1966848 1972568
1974127 2500048
2500149 2650706
2650807 2905908
2906065 2914751
2914852 2936702
2936803 2942363
2942800 3141727
3141828 3196025
3196126 3389967
3390068 3422250
3427132 3429203
3430139 3458745
3458846 3488728
3490844 3513510
3513611 3711628
3711729 3740003
3740075 3740459
3740667 3762326
3762427 3764599
3764695 3765035
3765131 3766319
3766747 3790012
3790184 3829260
3829773 3864616
3864717 3875441
3875542 3889774
3894358 3897770
3898627 3902513
3902586 3903302
3903382 3926014
3926115 3941348
3941450 3985045
3985146 4012375
4013783 4029413
4030628 4090845
4090911 4091191
NC_057008.1
1 47123
57124 58004
144729 156495
156622 285147
285248 329771
329872 334949
335050 385416
385517 399478
399594 454819
454920 459912
460013 463754
463855 467679
481960 482585
483200 494682
494783 497252
500240 502273
545468 548359
548503 560370
560493 576409
576510 578514
578615 614806
614911 620389
620587 646196
646452 649311
650006 651569
651671 689350
690484 694064
694165 695643
699719 714883
714984 718635
728636 757411
757512 801953
802054 829127
829228 868872
868950 893815
893916 991406
991507 992627
992698 1021881
1021982 1024512
1025792 1129205
1129306 1340161
1340262 1464971
1465072 1479431
1479532 1480132
1481184 1489448
1490570 1491998
1492443 1526260
1526361 1528631
1529294 1574449
1574550 1585271
1585893 1598431
1598532 1602143
1603174 1606615
1608655 1610112
1613036 1615214
1616566 1624578
1624673 1637805
1637881 1640306
1640397 1652213
1652314 1656589
1656690 1665528
1665629 1706809
1714204 1800134
1800235 1856962
1856964 1857032
1857133 1896545
1906546 1988179
1988280 1993521
1993622 2016423
2016524 2026412
2045449 2052005
2052482 2081086
2081807 2090785
2090898 2163399
2166690 2169542
2169632 2278461
2278562 2283926
2293927 2294825
2294926 2349816
2349917 2383259
2383310 2406941
2407065 2423550
2423651 2504237
2505848 2506743
2506844 2602788
2602889 2655958
2656209 2941691
2941792 2950677
2950778 2985796
2985897 2997861
2997962 3002463
3002564 3103282
3103383 3119502
3119603 3226161
3226262 3264825
3265048 3272766
3272867 3277716
3279849 3280862
3306002 3317689
3319720 3323261
3323362 3405714
3405815 3424684
3424785 3500558
NC_057009.1
1 22317
22421 137264
137355 273604
273705 276861
277413 340503
340604 634382
644383 669319
681759 689727
690023 697606
697957 700136
700156 702448
703699 709966
710740 748501
748602 772670
772771 809949
810050 934352
934453 965341
971868 975519
975620 990899
991000 1012218
1012317 1066483
1066584 1165382
1165483 1279222
1279323 1358907
1361122 1363347
1366290 1371653
1373220 1376108
1377050 1456180
1456281 1679944
1680045 1791245
1791346 1797120
1797348 1853034
1853101 2331736
2331885 2631070
2631171 2647542
2647704 2878275
2878349 2987961
2988062 3001536
3001641 3049781
3049882 3188531
3188672 3228899
3229000 3268993
3269089 3321095
3321729 3333282
3333383 3387278
3397279 3413531
3413632 3605130
3605231 3655726
3655827 3859084
3859185 4183583
4183684 4468699
4469133 4471510
4471512 4476399
4477096 4487012
4526361 4548522
4549504 4590293
4600294 4625273
4667283 4682335
4682436 4731322
4731423 4893371
4893465 5415970
5416050 6142189
6142290 6386880
6403555 6468063
6468164 6484954
6489937 6577653
6607709 6688956
6710541 6797016
6797117 6832916
6833048 6845940
6846024 6848583
6848684 6896379
6905930 6953234
6953335 7107770
7107871 7133098
7133199 7380392
7380476 7576285
7576386 7612782
7622783 7980728
7980829 8049806
8049907 8261696
8281709 8312912
8313013 8362349
8362450 8483664
8483730 8624060
8624161 9016439
9016540 9020411
9021493 9023763
NC_057010.1
1 66242
66343 312011
312112 312556
312698 389174
389275 415474
415575 707929
707998 818346
818447 832863
833063 841381
841482 846287
846818 848013
848376 849648
849650 850018
850119 900421
900522 928398
928499 968782
976844 985004
995809 1007944
1008045 1293109
1293389 1295993
1296094 1309401
1309761 1315730
1315953 1317876
1320190 1327892
1327993 1329790
1329891 1574132
1574214 1695411
1705412 1707267
1708188 1911387
1911456 1969798
1969897 2016103
2016204 2026730
2027104 2028315
2029901 2030720
2040721 2224379
2224480 2668174
2668275 2735200
2736135 2753166
2753267 2787066
2787178 2982289
3012275 3063440
3063541 3112533
3115288 3123218
3123674 3129596
3146447 3163034
3181056 3184476
3184577 3396459
3396553 3410265
3425086 3530663
3530764 3849703
3849804 4122011
4122112 4251173
4251926 4254781
4254882 4285620
4285875 4291025
4292190 4309486
4309587 4359570
4359671 4560167
4560268 4704900
4705001 4734582
4735438 4741394
4741495 4860425
4860585 4910359
4910460 5038996
5039227 5133375
5133476 5137418
5137519 5152163
5152265 5354926
5355027 5814456
5814557 5917581
5917682 6421821
NC_057011.1
1 40331
40426 45496
55497 217987
227988 232175
232276 240917
241975 244324
244425 294524
297826 363967
364068 408308
408392 438558
448559 480626
480704 626876
626977 703611
703712 704286
704904 792932
793033 798837
808838 815329
815430 855539
855611 870060
870161 1225380
1225503 1238148
1239176 1254979
1263521 1308137
1308223 1312432
1313384 1317273
1317374 1328344
1330178 1333163
1333264 1368649
1368751 1375940
1376025 1376087
1380753 1426194
1426295 1456251
1456352 1499421
1499522 1573612
1574229 1578372
1586412 1597222
1611201 1613876
1614005 1617775
1617876 1655072
1655173 1667610
1669213 1672936
1673426 1675491
1676634 1678723
1678824 1693272
1693470 1697161
1697262 1703508
1706285 1718914
1718922 1719091
1719192 1745336
1745437 1982337
1982438 2060392
2067344 2072279
2072380 2189162
2189256 2248055
2248156 2335419
2335520 2337973
2338074 2456214
2471151 2485661
2486178 2496684
2496785 2519882
2519967 2633841
2635132 2641185
2641286 2658664
2658822 2704738
2706339 2711695
2721696 2736467
2737545 2740722
2741227 2775675
2775836 2804797
2804898 2815683
2817087 2872249
2872350 2874525
2874689 2877539
2878096 2886897
2887041 2888844
2890662 2925321
2925422 2959197
2961108 2966532
2987742 3009760
3009861 3013212
3019750 3025952
3026083 3027068
3029614 3041109
3041288 3050077
3050178 3050931
3052000 3065246
3065357 3066320
3066503 3070807
3070942 3120665
3120766 3129502
3139503 3153128
3153229 3189779
3189880 3213172
3213273 3218539
3218640 3255017
3255334 3258846
3258947 3260601
3260795 3271204
3272461 3279642
3305864 3319294
3319433 3321549
3325482 3329459
3329560 3377326
3377427 3407229
3407330 3431020
3431121 3458145
3458441 3482164
3482265 3539612
3539695 3622377
3622478 3648034
3648135 3705975
3706076 3731627
3731728 3748007
3748108 3820087
3820750 3829983
3830084 3895342
3895443 3939039
3939140 4020225
4020326 4118791
4118871 4174100
4174201 4267252
4267353 4332272
4332373 4386954
4387055 4396854
4396955 4407563
4407664 4484196
4484297 4488034
4489986 4494722
4495490 4497976
4498077 4514978
4518840 4523733
4523834 4586575
4586676 4677386
4677487 4750964
4777212 4780616
4784969 4799739
4799840 4803646
4803921 4806419
4808456 4811580
4811681 4823438
4823539 4915796
4915880 5028157
5028381 5032283
5032684 5033832
NC_057012.1
1 38329
38430 61728
61829 115845
115946 126377
126651 135273
135592 210024
210125 251181
251282 270518
270619 273949
274754 304969
305070 308015
309443 312836
316694 320312
320413 327169
327341 328933
329034 330969
334868 336154
346155 374462
374563 675798
675876 733495
733596 789551
789652 942447
942612 1169071
1169172 1353579
1353689 1367118
1394419 1425184
1425285 1564125
1564226 1867133
1867234 2078005
2078108 2132867
2132968 2279057
2289273 2317608
2344416 2368517
2368618 2519739
2519892 2580996
2580999 2583971
2585332 2875930
2876031 2905419
2905520 3101909
3111910 3120609
3120838 3265535
3265625 3961717
3961821 4056942
4057043 4161316
4161388 4320512
4320613 4423522
4423623 4580328
4580405 4734485
4734586 4739945
4740019 4903448
4903549 4904466
4904592 4907428
4962346 4963894
4963995 5053830
5053931 5068772
5069525 5073775
5074623 5077237
5077338 5323903
5324004 5600161
5600390 5641769
5641870 5786641
5786797 5801070
5801171 5964541
5991389 6003075
6005414 6021826
6023523 6043772
6043873 6095593
6095694 6100692
6100842 6101409
6101522 6102549
6112550 6157599
6157700 6161739
6161840 6206479
6206580 6265430
6265723 6267450
6270755 6271914
6272015 6286601
6286702 6304655
6304657 6346859
6347823 6350595
6351052 6354567
6355407 6357011
6357100 6369292
6414083 6428403
6428504 6435772
6436147 6438342
6438491 6474601
6474702 6534692
6535221 6537598
6537699 6560541
6560642 6598566
6598660 6610301
6610402 6664177
6664278 6665406
6701970 6704330
6705082 6727663
6727764 6796045
6796137 6821012
6821113 6982036
6982147 6991041
6991135 7152182
7152262 7176575
7176676 7176813
7176902 7217601
7217704 7289368
7289469 7317410
7317511 7356769
7356870 7372339
7372440 7378720
7378821 7387539
7387640 7441949
7442047 7573330
7573605 7785950
7787735 7956127
NC_057013.1
1 223
301 449
601 26283
26425 309330
309431 368468
368569 424730
424831 778996
779097 1099449
1099550 1104462
1104563 1120221
1120322 1198499
1198694 1200731
1200832 1441636
1441704 1462082
1462183 1721081
1721182 1770470
1770571 1772599
1774376 1917609
1917710 2150862
2150937 2225506
2225607 2227139
2227265 2237077
2239001 2291438
2291539 2316618
2316716 2318045
2318177 2339486
2339587 2432698
2432799 3391326
3391427 3518644
3518745 3558736
3558837 3607756
3607857 3608928
3618929 4212804
4212875 4318817
4318918 4485418
4485519 4566974
4567075 4747185
4781070 4809382
4810189 4817326
4817427 5133754
5133855 5243530
5243631 5483560
5483650 5571069
5571170 5655300
5655500 5664112
5664824 5668433
5668534 6026406
6027401 6062953
6063054 6199816
6200238 6215558
6215659 6367545
6368134 6382702
6382803 6398346
6398447 6576019
NC_057014.1
1 141719
141820 181340
212921 214283
214474 220474
220575 227885
229790 230859
231080 232560
233016 234570
234671 238209
238318 278363
278464 288345
288446 314642
314719 327188
327319 327957
328084 329842
329980 354561
354662 366758
367169 424170
425193 428648
429671 491395
491502 495837
496389 498419
498520 567507
567608 569219
569320 580134
580764 592858
592959 608293
608394 617011
617112 822980
823080 882940
883041 883881
884595 1171223
1171326 1229569
1229670 1255815
1255916 1263329
1263733 1272161
1272262 1337592
1347593 1409676
1409744 1432442
1432543 1441303
1441404 1451276
1451377 1615267
1615336 1663188
1663190 1721512
1721665 1790389
1790490 1852525
1852885 1854041
1857297 1858648
1858749 1956576
1957019 1968540
1968641 2011793
2011894 2032116
2032217 2084274
2084661 2087267
2087368 2161674
2161764 2205932
2215933 2218164
2219134 2220960
2222079 2223259
2273439 2283701
2284037 2288326
2365466 2371234
2371335 2536441
2536550 2581790
2591791 2641784
2642107 2642227
2642229 2654979
2655346 2665825
2665926 2709334
2709435 2760901
2761002 2894566
2894667 2952180
2952432 2955091
2956974 2970301
2970418 2976565
2976666 3026196
3026273 3069996
3082419 3096607
3096708 3151498
3151599 3354452
3354553 3466115
3466142 3466429
3466530 3544105
3544206 3618718
3618819 3659872
3659973 3660201
3660205 3664944
3665045 3667620
3667721 3826814
NC_057015.1
1 190610
190711 294568
294669 310205
320206 365884
371854 381141
381256 500533
500673 687182
691514 736594
736695 825947
835948 917989
925984 927131
927246 927541
966718 987083
987714 991392
991904 996161
996262 1043352
1043453 1316780
1316855 1317046
1317199 1593957
1594236 1598703
1598804 1649831
1649932 1657455
1657556 1699095
1699146 1711595
1711696 1738099
1738200 1782351
1782452 2913416
2913503 2971505
2971599 3010712
3010813 3062004
3062105 3070009
3070110 3105784
3105885 3144076
3144177 3493954
3503955 3622770
3622891 3884725
3884826 3962850
3962964 4108969
4109070 4589025
4589113 4600490
4600591 4625273
4625374 4688182
4688283 4692772
4692873 4734717
4734818 4738298
4738399 4788728
4788829 4890829
4890930 4965404
4965533 4990639
4990740 4994419
4994950 4997045
4999561 5002028
5002406 5024086
5024187 5031278
5031468 5037374
5038499 5042396
5042497 5044799
5045928 5048748
5050813 5053543
5061344 5064855
5066605 5068550
5071195 5075263
5075440 5091732
5091833 5116472
5116573 5404412
5404513 5573521
5573603 5795240
5795341 5927597
5927693 6078948
6079048 6188999
6189100 6220094
6220195 6292976
6293070 6325038
6335105 6350794
6350875 6361823
6361924 6373366
6373461 6373791
6374148 6379541
6381591 6391095
6391174 6438987
6439088 6583879
6583980 6598116
6598217 6601172
6601611 6603668
6603954 6606234
6606335 6627667
6627768 6636068
6636169 6657855
6657956 6673005
6676801 6679661
6700153 6702320
6702796 6704158
6704444 6712861
6712962 6726506
6730236 6732500
6736671 6738048
6748049 6775167
6776220 6780830
6780931 6851600
6867668 6870305
6870406 6961866
6961967 7021045
7021146 7024377
7026408 7032807
7053681 7071074
7071380 7077791
7077892 7106561
7106662 7387827
7388492 7393120
7393272 7402172
7403358 7417746
7417847 7696604
7696705 8024827
8024907 8025153
8053084 8100681
8100782 8111495
8111596 8113541
8113670 8225107
8225208 8245777
8245786 8247192
8247665 8249933
8250034 8333453
8333593 8751851
8751952 8832186
8832287 8860537
8860638 8935266
8943442 8952774
8952875 9169576
9169716 9219694
9219929 9342082
9342152 9390234
9390335 9408290
9410033 9466931
9476932 9650250
9650351 9655385
9655486 9663436
9663537 9710239
9710340 9715449
9715550 9730733
NC_057016.1
1 245164
245265 329804
329905 333766
333895 357188
389464 532246
532347 555156
555422 753095
753196 849053
849154 851286
851387 870935
871067 934270
934865 965050
965151 1184634
1184735 1185833
1185987 1255703
1255804 1463914
1464015 1999391
1999477 2085042
2085143 2086448
2087265 2098427
2098712 2201775
2201891 2585598
2585704 2701806
2701907 2717108
2717209 2746023
2759379 2857140
2857192 2924915
2925009 2937886
2937987 2990089
2990181 3114992
3115093 3188153
3188254 3213265
3215280 3216881
3218272 3222851
3223250 3223325
3223622 3234749
3235144 3264901
3265002 3265709
3267767 3482340
3482441 3527539
3527640 3537719
3540473 3817134
3817235 3877734
3878672 3993830
4014253 4031816
4032644 4056138
4056239 4086732
4086833 4250545
4260546 4261927
4262419 4264653
4289165 4292962
4293115 4306158
4349267 4367766
4367867 4370861
4370962 4375633
4376347 4610238
4610339 4621917
4622018 4810843
4810944 4818056
4818679 4846335
4846436 4919669
4919747 5036777
5036878 5199187
5199314 5200836
5200937 5206065
NC_057017.1
1 31335
31436 80553
80654 81967
82068 122008
122109 158423
171459 185297
185472 204487
208694 223761
224858 226735
227898 238514
238655 325741
325842 383605
383706 418356
418457 433902
433979 434066
434141 446856
446957 631458
631559 707076
707177 719233
719513 734469
734578 773443
773544 832204
832293 871358
871459 885132
908038 910740
910883 944421
944522 945520
946623 947906
950766 965861
968477 997607
998113 1018426
1018503 1093671
1093755 1210581
1210678 1333262
1333363 1520006
1520107 1610775
1610876 1615003
1615582 1654039
1654148 1669124
1669225 1671044
1671161 1689189
1689335 1718396
1718497 1793405
1793519 1883788
1883889 1886744
1887567 2067077
2067180 2171574
2171675 2347100
2347201 2384350
2384451 2453702
2453816 2560598
2560710 2585156
2585257 2620704
2620812 2653129
2653263 2666717
2666818 2668531
2668672 2692355
2692456 2729320
2729421 2750507
2750608 2781170
2781271 2785684
2785881 2805986
2806087 2811504
2811605 2825274
2826467 2827101
2827387 2832597
2834049 2844463
2890769 2892880
2893106 2894274
2894375 2895070
2901959 2929752
2929853 2942028
2943210 2944222
2944562 2983413
2983514 3068439
3068517 3118202
3118290 3118632
3118733 3191047
3191196 3222279
3222389 3239688
3239789 3323238
3323312 3335353
3335454 3336072
3336173 3450767
3450868 3453341
3453916 3469458
3469559 3475691
3475774 3497448
3497549 3507618
3508194 3521055
3521156 3522971
3523506 3527710
3528121 3528843
3529419 3530346
3530975 3532047
3532172 3541661
3541762 3544200
3544616 3593746
3593847 3784905
3785006 3799303
3799383 3833435
3833590 3882756
3889827 3902461
3902562 3903777
3907090 3907755
3908058 3967889
3967990 3968771
3970422 3971027
3972285 3972838
3974681 3975325
3976305 3996380
3996481 4146383
4146497 4148938
4149011 4149810
4149906 4152902
4153003 4153806
4153916 4154550
4154631 4154823
4154991 4157777
NC_057018.1
1 2397
3038 10636
10737 18775
21612 23679
23784 31702
32472 71859
71960 77002
78222 106158
106259 113716
113897 123266
126271 143277
143378 151018
151138 151563
152866 161619
162213 162373
162375 167103
167915 211145
211246 217544
218123 228176
228277 234489
234964 241332
242356 275261
276147 333163
334004 338117
338218 357594
357695 361035
363514 367991
368092 403609
409359 426231
426402 438677
438778 453416
453556 474745
474846 482897
483068 514402
514503 517010
517047 517153
519541 573128
573639 589124
605705 629107
632206 649487
649801 718147
718248 725322
725423 799573
799675 815802
815903 847704
847805 892938
893039 959237
959338 979070
979171 1007985
1008086 1015663
1015764 1019139
1022906 1118444
1118545 1175334
1176197 1199239
1199535 1225073
1225174 1231673
1231990 1362467
1372468 1375014
1375347 1378967
1379236 1381629
1382119 1405413
1408724 1416132
1418989 1421302
1421617 1428065
1428166 1444156
1444439 1447002
1450423 1462311
1462752 1488153
1581899 1606385
1635337 1658630
1659708 1662328
1662429 1671461
1691535 1720048
1720149 1732969
1733163 1773075
1773206 1785024
1785270 1851803
1851904 1854765
1855544 1858367
1859269 1879263
1888983 1922860
NC_057019.1
1 163
262 91028
91136 176236
176337 286342
286443 288309
289260 292319
292420 306785
306886 429749
429850 437138
437262 440109
441384 447969
481997 483118
483555 487307
487760 785449
795450 798174
798682 830659
830760 833644
833745 880837
880938 899794
899895 911503
911678 950593
950694 1064767
1064868 1613843
1613944 1667678
1667779 1799068
1799169 1804099
1809961 1828121
1828222 1901291
1901392 2161261
2161362 2216130
2216222 2254918
2255019 2336656
2336757 2340486
2340649 2684895
2684996 2758378
2766753 2781604
2781705 2791902
2791997 3062919
3063020 3238588
3238689 3325057
3326878 3362564
3362665 3369700
3381885 3400367
3410368 3411530
3411631 3428932
3429033 3553573
3553674 3642961
3644858 3665601
3665702 3667942
3668043 3713726
3713827 3841547
3841648 3859533
3859611 3989611
3989712 4014196
4014297 4109055
4109156 4202282
4202360 4326398
4326498 4329023
4329973 4332048
4332127 4335035
4342252 4343417
4345949 4346549
4346884 4353303
4354524 4356815
4361758 4363532
4363633 4416946
4417047 4497471
4497572 4507835
4510880 4519052
4519153 4554636
4554739 4572183
4572284 4682441
4682542 4785590
4785691 4788609
4788710 4809499
4809600 4821062
4821199 4886687
4886788 4944734
4944833 4954496
4954617 5236169
5236254 5454633
5454734 5473403
5473506 5699283
5701837 5705608
5705709 5894348
5894449 6094051
6094134 6109857
6109958 6192892
6192993 6242162
6242263 6307806
6307907 6396177
6396278 6410624
6410725 6477008
6477600 6525321
6525422 6978079
6978896 6981956
6982057 7038901
7039002 7183161
7183262 7185532
7185610 7339108
7339191 7480750
7480851 7590319
7611353 7612898
7613932 7615621
7616013 7642823
7642924 7783580
NC_057020.1
1 350
452 777
878 33093
33168 194653
194754 289200
289342 307077
329512 376716
376817 465400
465469 516441
516542 623972
624073 809901
810002 912683
913540 931351
931452 1057446
1057547 1276928
1277029 1435310
1435389 1469966
1470067 1934294
1934392 2101532
2101633 2183573
2183670 2500496
2500578 2525351
2525452 2539721
2539822 2598517
2598618 2605184
2605285 2618652
2618753 2620319
2620420 2663105
2663206 2686885
2686986 2691581
2691717 2821489
2821570 2906522
2906647 2910806
2910907 3146299
3146400 3568744
3570706 3591849
3591950 3952723
3952824 3955906
3956006 4007887
4007988 4008754
4008881 4416777
4416878 4696091
4696762 4720324
4742379 4756083
4763615 4784192
4784293 4964158
4964304 4964362
4964488 5015208
5015746 5031747
5032179 5034312
5042952 5050757
5060758 5091294
5091395 5092304
5096637 5100764
5101077 5111547
5112298 5113370
5116571 5159878
5159979 5209241
5209342 5249091
5249192 5273813
5273914 5295418
5295519 5366572
5366673 5528354
5528455 5529317
5534058 5682595
5682696 5731401
5731503 5731887
5731973 5784188
5787955 5789448
5789896 5853494
5853595 5857066
5860791 5926446
5926547 5953802
5953897 5980748
5980995 5981669
5981770 5994224
5994485 6006987
6007058 6359251
6359352 6371317
6371763 6376882
6377718 6385265
6386147 6389059
6426000 6426583
6471149 6472118
6494469 6496397
6498240 6513243
6513344 6516145
6516712 6529010
6553003 6564219
6574220 6615581
6615682 6804359
6804460 6870718
6870819 6941248
6941349 6981565
6981666 7018134
7018238 7035690
7035791 7171902
7178271 7184193
7184845 7188315
NW_025061531.1
1 37224
37325 60874
60975 70547
70648 92460
92567 131597
131675 131785
131886 164802
164903 178173
178307 271631
NW_025061532.1
1 16964
17039 19495
19633 24245
24346 32388
32489 38656
39120 51539
53035 53620
60230 115093
115194 122586
122707 185173
185274 219038
NW_025061533.1
1 3361
3895 32758
163948 194947
195777 200793
NW_025061534.1
1 73676
75674 80422
81217 135982
136083 175631
175732 189560
NW_025061535.1
1 62701
62802 99914
121879 163774
NW_025061536.1
1 89818
89928 93842
93937 123816
123917 126049
126732 127913
NW_025061537.1
1 127161
NW_025061538.1
1 18500
18601 84830
84931 102191
NW_025061539.1
1 8249
8350 43820
43921 45134
45235 49050
49151 61195
61296 62686
64302 66342
67048 80213
NW_025061540.1
1 3230
3711 12957
13729 22448
30752 50844
52941 55320
NW_025061541.1
1 13425
13526 37051
37152 43031
43633 49769
50023 55278
NW_025061542.1
1 52813
NW_025061543.1
1 52376
NW_025061544.1
1 48183
NW_025061545.1
1 6764
6883 19517
20113 33675
33776 42264
NW_025061546.1
1 18413
23171 39192
NW_025061547.1
1 33576
NW_025061548.1
1 23511
23612 32450
NW_025061549.1
1 25399
NW_025061550.1
1 24537
NW_025061551.1
1 20346
20447 24437
NW_025061552.1
1 8284
10367 22408
NW_025061553.1
1 12828
12929 17622
18898 22082
NW_025061554.1
1 21325
NW_025061555.1
1 21000
NW_025061556.1
1 14615
17255 20974
NW_025061557.1
1 17736
NW_025061558.1
1 4883
8841 11664
14123 16939
NW_025061559.1
1 15229
15231 16627
NW_025061560.1
1 7122
8136 14746
NW_025061561.1
1 14165
NW_025061562.1
1 7266
7346 11167
11268 13462
NW_025061563.1
1 12727
NW_025061564.1
1 5105
5980 11225
NW_025061565.1
1 6241
NW_025061566.1
1 2479
